                4   1179413 
                3   1201919 
                3   1203733 
                3   1214193 
               10   1226627 
                3   1226681 
                3   1241229 
                3   1243319 
                3   1281139 
               12   1346873 
                3   1412811 
               10   1475064 
                3   1486485 
                4   1501230 
                4   1516587 
                3   1527780 
                3   1584810 
                4   1585215 
               12   1612251 
                4   1615494 
               10   1627479 
                7   1773747 
               10   1775043 
                3   1775313 
               10   1779258 
               10   1780305 
                3   1784142 
               10   1785702 
                3   1786797 
                3   1787046 
               10   1787172 
               10   1789353 
                3   1793472 
                4   1794573 
                4   1794642 
                4   1805382 
                4   1805442 
               10   1809279 
               10   1809768 
               10   1810227 
                3   1810851 
               10   1811199 
               10   1814352 
               10   1814436 
               12   1815201 
               10   1815207 
                4   1815492 
                4   1815525 
                4   1815843 
               10   1816983 
               10   1817013 
               10   1817052 
               10   1820142 
               10   1820838 
               10   1820970 
               10   1821111 
                4   1822149 
               12   1822206 
               10   1827960 
               10   1828581 
                4   1829445 
                4   1833045 
               10   1837437 
               10   1837488 
               10   1840182 
               10   1840227 
               12   1840452 
               10   1847937 
               10   1848054 
                3   1848078 
                3   1848480 
                4   1848606 
                3   1849551 
               10   1849662 
                3   1850475 
               10   1853784 
               10   1853844 
               10   1853943 
               10   1853955 
               10   1854111 
               10   1854186 
                3   1855206 
                3   1855419 
               10   1857672 
               10   1857726 
                4   1858389 
                3   1858431 
                3   1859070 
                3   1864131 
                3   1865604 
                3   1867170 
                3   1870011 
                4   1871067 
                4   1871100 
                4   1875075 
               10   1875654 
                4   1875939 
               12   1877094 
                3   1877145 
                4   1879581 
                4   1879674 
                3   1879788 
               10   1880673 
                3   1881177 
                3   1881243 
               10   1881450 
               10   1884843 
               10   1885083 
               10   1885170 
                3   1886112 
                3   1886151 
               10   1886244 
               10   1886268 
               10   1886319 
                3   1889697 
                3   1889724 
               10   1891554 
               10   1891647 
                4   1891806 
                3   1891851 
                3   1891869 
                4   1891890 
                3   1891920 
                3   1891947 
                3   1891950 
                3   1891989 
                3   1892001 
                3   1892007 
                4   1892217 
               10   1892415 
               10   1892427 
                4   1892472 
               10   1892568 
                4   1892589 
                4   1892643 
                3   1892724 
                4   1892778 
                3   1892787 